6570
6573
6574
6579
6583
6584
6592
6594
6595
6611
6612
6613
6614
6615
6616
6617
6618
6620
6621
6624
6628
6629
6633
6636
6638
6639
6640
6641
6642
6643
6645
6646
6648
6650
6654
6659
6662
6663
6666
6672
6674
6675
6677
6681
6683
6688
6690
6692
6693
6694
6696
6699
6700
6702
6706
6709
6710
6711
6712
6714
6719
6724
6729
6731
6733
6737
6738
6740
6741
6744
6747
6749
6751
6752
6755
6757
6759
6761
6762
6763
6768
6770
6772
6773
6774
6776
6778
6843
6847
6850
6854
6858
6860
6864
6868
6874
6877
6879
6881
6882
6884
6885
6890
6891
6892
6901
6904
6909
6911
6912
6913
6919
6921
6923
6924
6925
6927
6929
6931
6939
6940
6942
6944
6946
6953
6956
6957
6960
6961
6966
6998
7003
7005
7006
7008
7013
7017
7018
7020
7024
7026
7031
7033
7035
7036
7037
7039
7040
7042
7043
7045
7047
7048
7052
7053
7054
7055
7056
7058
7061
7063
7065
7069
7078
7080
7083
7087
7088
7090
7091
7092
7095
7097
7098
7099
7101
7105
7108
7109
7110
7112
7114
7117
7118
7120
7122
7123
7124
7125
7127
7128
7131
7132
7133
7135
7137
7139
7142
7144
7145
7188
7211
7212
7213
7217
7218
7220
7221
7234
7236
7239
7240
7242
7245
7252
7253
7256
7259
7264
7265
7266
7270
7271
7274
7299
7300
7304
7308
7309
7310
7314
7315
7317
7320
7321
7324
7328
7331
7333
7334
7358
7406
7407
7427
7428
7433
7435
7436
7437
7438
7439
7440
7441
7442
7443
7444
7446
7447
7448
7449
7450
7453
7454
7456
7457
7459
7460
7464
7466
7467
7468
7471
7472
7473
7474
7475
7477
7480
7481
7482
7483
7485
7486
7487
7488
7489
7490
7491
7492
